cam		0,50,1200		0,0,0			0,0,-10
lit		310,130,950		0,0,0			255,255,255		7
lit		-310,130,950	0,0,0			255,255,255		7
sph		0,-140,400		0,0,0			255,0,0			0,0,0	30
cyl		-300,0,-400		0,0,0			150,150,150		0,0,0	45		0,1,0
cyl		300,0,-400		0,0,0			150,150,150		0,0,0	45		0,1,0
cyl		-200,0,600		0,0,0			200,200,200		0,0,0	35		0,1,0
cyl		200,0,600		0,0,0			200,200,200		0,0,0	35		0,1,0
sph		-300,210,-400	0,0,0			200,200,200		0,0,0	90
sph		300,210,-400	0,0,0			200,200,200		0,0,0	90
sph		-300,-210,-400	0,0,0			200,200,200		0,0,0	90
sph		300,-210,-400	0,0,0			200,200,200		0,0,0	90
sph		-200,210,600	0,0,0			200,200,200		0,0,0	70
sph		200,210,600		0,0,0			200,200,200		0,0,0	70
sph		-200,-210,600	0,0,0			200,200,200		0,0,0	70
sph		200,-210,600	0,0,0			200,200,200		0,0,0	70
pla		0,-200,0		0,0,0			255,255,255		0,0,0	0,1,0
pla		0,200,0			0,0,0			255,255,255		0,0,0	0,-1,0
pla		0,320,-2000		0,0,0			0,0,255			0,0,0	0,0,1
