cam		0,0,600		0,0,0			0,0,0
lit		200,100,900		0,0,0			255,255,255		7
sph		0,-300,-400		0,0,0			254,0,0			0,0,0	100
#sph		0,0,600		0,0,0			0,0,255			0,0,0	10
#cyl		0,0,600		0,0,0			128,128,128		0,0,0	60		0,1,0
sph		0,-4,250		0,0,0			255,255,255		0,0,0	5
sph		-300,0,-400		0,0,0			225,0,255		0,0,0	100
sph		0,300,-400		0,0,0			255,255,255		0,0,0	100
cyl		-300,0,-400		0,0,0			128,128,128		0,0,0	60		0,1,0
con		200,0,-300		0,0,0			255,3,3			0,0,90	0,1,0	20
pla		0,-90,0			0,0,0			255,255,255		0,0,0	0,1,0
pla		0,320,-1300		0,0,0			255,255,255		0,0,0	0,0,1
